<shapes type=list>
	<ruler.pixel type=vector names=FALSE length=1 as.numeric=TRUE >117.000193423516</ruler.pixel>
	<ruler.interval type=vector names=FALSE length=1 as.numeric=TRUE >1</ruler.interval>
	<scaling.units type=vector names=FALSE length=1 as.numeric=FALSE >cm</scaling.units>
	<scaling type=vector names=FALSE length=1 as.numeric=TRUE >0.00854699441718196</scaling>
	<landmarks.pixel type=matrix rownames=TRUE colnames=FALSE nrow=6 ncol=2 as.numeric=TRUE >
		LM01	676	299
		LM02	747	537
		LM03	704	529
		LM04	675	603
		LM05	644	530
		LM06	607	528
	</landmarks.pixel>
	<landmarks.scaled type=matrix rownames=TRUE colnames=FALSE nrow=6 ncol=2 as.numeric=TRUE >
		LM01	5.777768226015	-2.55555133073741
		LM02	6.38460482963492	-4.58973600202671
		LM03	6.0170840696961	-4.52136004668926
		LM04	5.76922123159782	-5.15383763356072
		LM05	5.50426440466518	-4.52990704110644
		LM06	5.18802561122945	-4.51281305227207
	</landmarks.scaled>
	<curves.control type=list>
		<curveLM07 type=matrix rownames=FALSE colnames=FALSE nrow=7 ncol=2 as.numeric=TRUE >
			676	299
			684	301
			704	373
			728	451
			745	510
			750	534
			747	537
		</curveLM07>
		<curveLM08 type=matrix rownames=FALSE colnames=FALSE nrow=5 ncol=2 as.numeric=TRUE >
			747	537
			740	545
			721	534
			714	527
			704	529
		</curveLM08>
		<curveLM09 type=matrix rownames=FALSE colnames=FALSE nrow=5 ncol=2 as.numeric=TRUE >
			704	529
			695	536
			694	574
			681	603
			675	603
		</curveLM09>
		<curveLM10 type=matrix rownames=FALSE colnames=FALSE nrow=5 ncol=2 as.numeric=TRUE >
			675	603
			664	595
			656	561
			652	533
			644	530
		</curveLM10>
		<curveLM11 type=matrix rownames=FALSE colnames=FALSE nrow=5 ncol=2 as.numeric=TRUE >
			644	530
			635	525
			621	533
			613	531
			607	528
		</curveLM11>
		<curveLM12 type=matrix rownames=FALSE colnames=FALSE nrow=5 ncol=2 as.numeric=TRUE >
			607	528
			598	525
			624	451
			669	293
			676	299
		</curveLM12>
	</curves.control>
	<curves.pixel type=list>
		<curveLM07 type=matrix rownames=FALSE colnames=FALSE nrow=247 ncol=2 as.numeric=TRUE >
			676	299
			677	299
			678	300
			679	301
			680	302
			680	303
			681	304
			681	305
			682	306
			682	307
			683	308
			683	309
			684	310
			684	311
			684	312
			685	313
			685	314
			686	315
			686	316
			687	317
			687	318
			687	319
			687	320
			688	320
			688	321
			688	322
			688	323
			689	323
			689	324
			689	325
			690	326
			690	327
			690	328
			691	329
			691	330
			691	331
			692	332
			692	333
			692	334
			693	335
			693	336
			694	337
			694	338
			694	339
			694	340
			695	341
			695	342
			695	343
			696	344
			696	345
			696	346
			696	347
			697	348
			697	349
			698	350
			698	351
			698	352
			698	353
			699	354
			699	355
			699	356
			699	357
			700	358
			700	359
			700	360
			701	361
			701	362
			701	363
			701	364
			702	365
			702	366
			702	367
			703	368
			703	369
			703	370
			703	371
			704	371
			704	372
			704	373
			704	374
			705	375
			705	376
			705	377
			705	378
			706	378
			706	379
			706	380
			706	381
			707	382
			707	383
			707	384
			708	385
			708	386
			708	387
			709	388
			709	389
			709	390
			710	391
			710	392
			710	393
			711	394
			711	395
			711	396
			711	397
			712	398
			712	399
			712	400
			713	401
			713	402
			713	403
			714	404
			714	405
			714	406
			714	407
			715	407
			715	408
			715	409
			715	410
			716	411
			716	412
			716	413
			717	414
			717	415
			717	416
			717	417
			718	418
			718	419
			718	420
			719	421
			719	422
			719	423
			720	424
			720	425
			720	426
			720	427
			721	427
			721	428
			721	429
			721	430
			722	431
			722	432
			722	433
			723	434
			723	435
			723	436
			723	437
			724	438
			724	439
			724	440
			725	441
			725	442
			725	443
			726	444
			726	445
			726	446
			727	447
			727	448
			727	449
			727	450
			728	451
			728	452
			728	453
			729	454
			729	455
			729	456
			729	457
			730	458
			730	459
			730	460
			731	461
			731	462
			731	463
			732	464
			732	465
			732	466
			733	467
			733	468
			733	469
			733	470
			734	471
			734	472
			734	473
			734	474
			735	475
			735	476
			736	477
			736	478
			736	479
			736	480
			737	481
			737	482
			737	483
			737	484
			738	484
			738	485
			738	486
			738	487
			739	488
			739	489
			739	490
			739	491
			740	492
			740	493
			740	494
			741	495
			741	496
			741	497
			742	498
			742	499
			742	500
			742	501
			743	502
			743	503
			743	504
			744	505
			744	506
			744	507
			744	508
			745	509
			745	510
			745	511
			745	512
			746	513
			746	514
			746	515
			746	516
			746	517
			747	518
			747	519
			747	520
			747	521
			747	522
			747	523
			747	524
			748	525
			748	526
			748	527
			748	528
			748	529
			748	530
			748	531
			748	532
			748	533
			748	534
			748	535
			748	536
			747	537
		</curveLM07>
		<curveLM08 type=matrix rownames=FALSE colnames=FALSE nrow=45 ncol=2 as.numeric=TRUE >
			747	537
			746	538
			745	539
			744	539
			743	540
			742	540
			741	540
			740	540
			739	540
			738	540
			737	540
			736	540
			735	540
			734	540
			733	539
			732	539
			731	539
			730	538
			729	538
			728	538
			727	537
			726	537
			725	536
			724	536
			724	535
			723	535
			722	534
			721	534
			720	533
			719	532
			718	531
			717	531
			716	530
			715	530
			714	529
			713	529
			712	529
			711	529
			710	529
			709	529
			708	529
			707	529
			706	529
			705	529
			704	529
		</curveLM08>
		<curveLM09 type=matrix rownames=FALSE colnames=FALSE nrow=80 ncol=2 as.numeric=TRUE >
			704	529
			703	530
			702	531
			702	532
			701	533
			700	534
			700	535
			699	536
			699	537
			699	538
			698	539
			698	540
			698	541
			697	542
			697	543
			697	544
			697	545
			696	546
			696	547
			696	548
			696	549
			696	550
			696	551
			696	552
			695	553
			695	554
			695	555
			695	556
			695	557
			695	558
			695	559
			695	560
			695	561
			695	562
			694	563
			694	564
			694	565
			694	566
			694	567
			694	568
			694	569
			694	570
			694	571
			694	572
			694	573
			694	574
			694	575
			693	575
			693	576
			693	577
			692	578
			692	579
			691	580
			691	581
			690	582
			690	583
			689	584
			689	585
			688	586
			688	587
			687	588
			687	589
			686	590
			686	591
			685	592
			685	593
			684	593
			684	594
			683	595
			683	596
			682	597
			681	598
			680	599
			679	600
			679	601
			678	602
			677	602
			677	603
			676	603
			675	603
		</curveLM09>
		<curveLM10 type=matrix rownames=FALSE colnames=FALSE nrow=81 ncol=2 as.numeric=TRUE >
			675	603
			674	603
			674	602
			673	602
			673	601
			672	601
			672	600
			671	599
			670	598
			669	597
			669	596
			668	595
			667	594
			667	593
			666	592
			666	591
			665	590
			665	589
			665	588
			664	588
			664	587
			664	586
			663	585
			663	584
			662	583
			662	582
			662	581
			661	580
			661	579
			661	578
			660	577
			660	576
			660	575
			660	574
			659	573
			659	572
			658	571
			658	570
			658	569
			658	568
			658	567
			657	566
			657	565
			657	564
			657	563
			656	562
			656	561
			656	560
			656	559
			656	558
			655	557
			655	556
			655	555
			655	554
			655	553
			654	552
			654	551
			654	550
			654	549
			654	548
			653	547
			653	546
			653	545
			653	544
			652	543
			652	542
			652	541
			651	540
			651	539
			651	538
			650	537
			650	536
			649	535
			648	534
			648	533
			647	533
			647	532
			646	532
			646	531
			645	530
			644	530
		</curveLM10>
		<curveLM11 type=matrix rownames=FALSE colnames=FALSE nrow=38 ncol=2 as.numeric=TRUE >
			644	530
			643	530
			642	529
			641	529
			640	528
			639	528
			638	528
			637	528
			636	528
			635	528
			634	528
			633	528
			632	529
			631	529
			630	529
			629	529
			628	530
			627	530
			626	530
			625	531
			624	531
			623	532
			622	532
			621	533
			620	533
			619	533
			618	532
			617	532
			616	532
			615	531
			614	531
			613	531
			612	530
			611	530
			610	529
			609	529
			608	529
			607	528
		</curveLM11>
		<curveLM12 type=matrix rownames=FALSE colnames=FALSE nrow=242 ncol=2 as.numeric=TRUE >
			607	528
			606	528
			606	527
			605	526
			605	525
			605	524
			605	523
			605	522
			605	521
			605	520
			605	519
			605	518
			605	517
			605	516
			605	515
			605	514
			606	513
			606	512
			606	511
			606	510
			606	509
			607	508
			607	507
			607	506
			607	505
			607	504
			608	503
			608	502
			608	501
			609	500
			609	499
			609	498
			609	497
			610	496
			610	495
			610	494
			610	493
			611	492
			611	491
			611	490
			611	489
			612	488
			612	487
			612	486
			613	485
			613	484
			613	483
			614	482
			614	481
			614	480
			614	479
			615	478
			615	477
			615	476
			616	475
			616	474
			617	473
			617	472
			617	471
			618	470
			618	469
			618	468
			618	467
			619	467
			619	466
			619	465
			620	464
			620	463
			620	462
			621	461
			621	460
			621	459
			622	458
			622	457
			622	456
			622	455
			623	454
			623	453
			624	452
			624	451
			624	450
			625	449
			625	448
			625	447
			625	446
			626	445
			626	444
			626	443
			627	442
			627	441
			627	440
			628	439
			628	438
			628	437
			628	436
			629	435
			629	434
			629	433
			630	432
			630	431
			630	430
			630	429
			631	428
			631	427
			631	426
			631	425
			632	424
			632	423
			632	422
			633	421
			633	420
			633	419
			633	418
			634	418
			634	417
			634	416
			634	415
			635	414
			635	413
			635	412
			636	411
			636	410
			636	409
			636	408
			637	408
			637	407
			637	406
			637	405
			638	404
			638	403
			638	402
			638	401
			639	401
			639	400
			639	399
			639	398
			640	397
			640	396
			640	395
			641	394
			641	393
			641	392
			642	391
			642	390
			642	389
			642	388
			643	387
			643	386
			643	385
			644	384
			644	383
			644	382
			644	381
			645	380
			645	379
			646	378
			646	377
			646	376
			646	375
			647	374
			647	373
			647	372
			647	371
			648	370
			648	369
			649	368
			649	367
			649	366
			649	365
			650	364
			650	363
			650	362
			651	362
			651	361
			651	360
			651	359
			652	358
			652	357
			652	356
			653	355
			653	354
			653	353
			654	352
			654	351
			654	350
			654	349
			655	348
			655	347
			656	346
			656	345
			656	344
			657	343
			657	342
			657	341
			658	340
			658	339
			658	338
			659	337
			659	336
			659	335
			660	334
			660	333
			660	332
			660	331
			661	330
			661	329
			662	328
			662	327
			662	326
			663	325
			663	324
			663	323
			664	322
			664	321
			664	320
			665	320
			665	319
			665	318
			666	317
			666	316
			666	315
			667	314
			667	313
			668	312
			668	311
			668	310
			669	310
			669	309
			669	308
			670	308
			670	307
			670	306
			671	305
			671	304
			672	303
			672	302
			673	302
			673	301
			674	300
			674	299
			675	299
			676	299
		</curveLM12>
	</curves.pixel>
	<curves.scaled type=list>
		<curveLM07 type=matrix rownames=FALSE colnames=FALSE nrow=247 ncol=2 as.numeric=TRUE >
			5.777768226015	-2.55555133073741
			5.78631522043219	-2.55555133073741
			5.79486221484937	-2.56409832515459
			5.80340920926655	-2.57264531957177
			5.81195620368373	-2.58119231398895
			5.81195620368373	-2.58973930840613
			5.82050319810091	-2.59828630282332
			5.82050319810091	-2.6068332972405
			5.8290501925181	-2.61538029165768
			5.8290501925181	-2.62392728607486
			5.83759718693528	-2.63247428049204
			5.83759718693528	-2.64102127490923
			5.84614418135246	-2.64956826932641
			5.84614418135246	-2.65811526374359
			5.84614418135246	-2.66666225816077
			5.85469117576964	-2.67520925257795
			5.85469117576964	-2.68375624699513
			5.86323817018682	-2.69230324141232
			5.86323817018682	-2.7008502358295
			5.87178516460401	-2.70939723024668
			5.87178516460401	-2.71794422466386
			5.87178516460401	-2.72649121908104
			5.87178516460401	-2.73503821349823
			5.88033215902119	-2.73503821349823
			5.88033215902119	-2.74358520791541
			5.88033215902119	-2.75213220233259
			5.88033215902119	-2.76067919674977
			5.88887915343837	-2.76067919674977
			5.88887915343837	-2.76922619116695
			5.88887915343837	-2.77777318558414
			5.89742614785555	-2.78632018000132
			5.89742614785555	-2.7948671744185
			5.89742614785555	-2.80341416883568
			5.90597314227273	-2.81196116325286
			5.90597314227273	-2.82050815767005
			5.90597314227273	-2.82905515208723
			5.91452013668991	-2.83760214650441
			5.91452013668991	-2.84614914092159
			5.91452013668991	-2.85469613533877
			5.9230671311071	-2.86324312975596
			5.9230671311071	-2.87179012417314
			5.93161412552428	-2.88033711859032
			5.93161412552428	-2.8888841130075
			5.93161412552428	-2.89743110742468
			5.93161412552428	-2.90597810184187
			5.94016111994146	-2.91452509625905
			5.94016111994146	-2.92307209067623
			5.94016111994146	-2.93161908509341
			5.94870811435864	-2.94016607951059
			5.94870811435864	-2.94871307392778
			5.94870811435864	-2.95726006834496
			5.94870811435864	-2.96580706276214
			5.95725510877582	-2.97435405717932
			5.95725510877582	-2.9829010515965
			5.96580210319301	-2.99144804601369
			5.96580210319301	-2.99999504043087
			5.96580210319301	-3.00854203484805
			5.96580210319301	-3.01708902926523
			5.97434909761019	-3.02563602368241
			5.97434909761019	-3.0341830180996
			5.97434909761019	-3.04273001251678
			5.97434909761019	-3.05127700693396
			5.98289609202737	-3.05982400135114
			5.98289609202737	-3.06837099576832
			5.98289609202737	-3.07691799018551
			5.99144308644455	-3.08546498460269
			5.99144308644455	-3.09401197901987
			5.99144308644455	-3.10255897343705
			5.99144308644455	-3.11110596785423
			5.99999008086173	-3.11965296227141
			5.99999008086173	-3.1281999566886
			5.99999008086173	-3.13674695110578
			6.00853707527892	-3.14529394552296
			6.00853707527892	-3.15384093994014
			6.00853707527892	-3.16238793435732
			6.00853707527892	-3.17093492877451
			6.0170840696961	-3.17093492877451
			6.0170840696961	-3.17948192319169
			6.0170840696961	-3.18802891760887
			6.0170840696961	-3.19657591202605
			6.02563106411328	-3.20512290644323
			6.02563106411328	-3.21366990086042
			6.02563106411328	-3.2222168952776
			6.02563106411328	-3.23076388969478
			6.03417805853046	-3.23076388969478
			6.03417805853046	-3.23931088411196
			6.03417805853046	-3.24785787852914
			6.03417805853046	-3.25640487294633
			6.04272505294764	-3.26495186736351
			6.04272505294764	-3.27349886178069
			6.04272505294764	-3.28204585619787
			6.05127204736483	-3.29059285061505
			6.05127204736483	-3.29913984503224
			6.05127204736483	-3.30768683944942
			6.05981904178201	-3.3162338338666
			6.05981904178201	-3.32478082828378
			6.05981904178201	-3.33332782270096
			6.06836603619919	-3.34187481711815
			6.06836603619919	-3.35042181153533
			6.06836603619919	-3.35896880595251
			6.07691303061637	-3.36751580036969
			6.07691303061637	-3.37606279478687
			6.07691303061637	-3.38460978920406
			6.07691303061637	-3.39315678362124
			6.08546002503355	-3.40170377803842
			6.08546002503355	-3.4102507724556
			6.08546002503355	-3.41879776687278
			6.09400701945074	-3.42734476128997
			6.09400701945074	-3.43589175570715
			6.09400701945074	-3.44443875012433
			6.10255401386792	-3.45298574454151
			6.10255401386792	-3.46153273895869
			6.10255401386792	-3.47007973337587
			6.10255401386792	-3.47862672779306
			6.1111010082851	-3.47862672779306
			6.1111010082851	-3.48717372221024
			6.1111010082851	-3.49572071662742
			6.1111010082851	-3.5042677110446
			6.11964800270228	-3.51281470546178
			6.11964800270228	-3.52136169987897
			6.11964800270228	-3.52990869429615
			6.12819499711946	-3.53845568871333
			6.12819499711946	-3.54700268313051
			6.12819499711946	-3.55554967754769
			6.12819499711946	-3.56409667196488
			6.13674199153665	-3.57264366638206
			6.13674199153665	-3.58119066079924
			6.13674199153665	-3.58973765521642
			6.14528898595383	-3.5982846496336
			6.14528898595383	-3.60683164405079
			6.14528898595383	-3.61537863846797
			6.15383598037101	-3.62392563288515
			6.15383598037101	-3.63247262730233
			6.15383598037101	-3.64101962171951
			6.15383598037101	-3.6495666161367
			6.16238297478819	-3.6495666161367
			6.16238297478819	-3.65811361055388
			6.16238297478819	-3.66666060497106
			6.16238297478819	-3.67520759938824
			6.17092996920537	-3.68375459380542
			6.17092996920537	-3.69230158822261
			6.17092996920537	-3.70084858263979
			6.17947696362256	-3.70939557705697
			6.17947696362256	-3.71794257147415
			6.17947696362256	-3.72648956589133
			6.17947696362256	-3.73503656030852
			6.18802395803974	-3.7435835547257
			6.18802395803974	-3.75213054914288
			6.18802395803974	-3.76067754356006
			6.19657095245692	-3.76922453797724
			6.19657095245692	-3.77777153239443
			6.19657095245692	-3.78631852681161
			6.2051179468741	-3.79486552122879
			6.2051179468741	-3.80341251564597
			6.2051179468741	-3.81195951006315
			6.21366494129128	-3.82050650448034
			6.21366494129128	-3.82905349889752
			6.21366494129128	-3.8376004933147
			6.21366494129128	-3.84614748773188
			6.22221193570847	-3.85469448214906
			6.22221193570847	-3.86324147656625
			6.22221193570847	-3.87178847098343
			6.23075893012565	-3.88033546540061
			6.23075893012565	-3.88888245981779
			6.23075893012565	-3.89742945423497
			6.23075893012565	-3.90597644865215
			6.23930592454283	-3.91452344306934
			6.23930592454283	-3.92307043748652
			6.23930592454283	-3.9316174319037
			6.24785291896001	-3.94016442632088
			6.24785291896001	-3.94871142073806
			6.24785291896001	-3.95725841515525
			6.25639991337719	-3.96580540957243
			6.25639991337719	-3.97435240398961
			6.25639991337719	-3.98289939840679
			6.26494690779437	-3.99144639282397
			6.26494690779437	-3.99999338724116
			6.26494690779437	-4.00854038165834
			6.26494690779437	-4.01708737607552
			6.27349390221156	-4.0256343704927
			6.27349390221156	-4.03418136490988
			6.27349390221156	-4.04272835932707
			6.27349390221156	-4.05127535374425
			6.28204089662874	-4.05982234816143
			6.28204089662874	-4.06836934257861
			6.29058789104592	-4.07691633699579
			6.29058789104592	-4.08546333141298
			6.29058789104592	-4.09401032583016
			6.29058789104592	-4.10255732024734
			6.2991348854631	-4.11110431466452
			6.2991348854631	-4.1196513090817
			6.2991348854631	-4.12819830349889
			6.2991348854631	-4.13674529791607
			6.30768187988028	-4.13674529791607
			6.30768187988028	-4.14529229233325
			6.30768187988028	-4.15383928675043
			6.30768187988028	-4.16238628116761
			6.31622887429747	-4.1709332755848
			6.31622887429747	-4.17948027000198
			6.31622887429747	-4.18802726441916
			6.31622887429747	-4.19657425883634
			6.32477586871465	-4.20512125325352
			6.32477586871465	-4.21366824767071
			6.32477586871465	-4.22221524208789
			6.33332286313183	-4.23076223650507
			6.33332286313183	-4.23930923092225
			6.33332286313183	-4.24785622533943
			6.34186985754901	-4.25640321975662
			6.34186985754901	-4.2649502141738
			6.34186985754901	-4.27349720859098
			6.34186985754901	-4.28204420300816
			6.35041685196619	-4.29059119742534
			6.35041685196619	-4.29913819184253
			6.35041685196619	-4.30768518625971
			6.35896384638338	-4.31623218067689
			6.35896384638338	-4.32477917509407
			6.35896384638338	-4.33332616951125
			6.35896384638338	-4.34187316392843
			6.36751084080056	-4.35042015834562
			6.36751084080056	-4.3589671527628
			6.36751084080056	-4.36751414717998
			6.36751084080056	-4.37606114159716
			6.37605783521774	-4.38460813601434
			6.37605783521774	-4.39315513043153
			6.37605783521774	-4.40170212484871
			6.37605783521774	-4.41024911926589
			6.37605783521774	-4.41879611368307
			6.38460482963492	-4.42734310810025
			6.38460482963492	-4.43589010251744
			6.38460482963492	-4.44443709693462
			6.38460482963492	-4.4529840913518
			6.38460482963492	-4.46153108576898
			6.38460482963492	-4.47007808018616
			6.38460482963492	-4.47862507460335
			6.3931518240521	-4.48717206902053
			6.3931518240521	-4.49571906343771
			6.3931518240521	-4.50426605785489
			6.3931518240521	-4.51281305227207
			6.3931518240521	-4.52136004668926
			6.3931518240521	-4.52990704110644
			6.3931518240521	-4.53845403552362
			6.3931518240521	-4.5470010299408
			6.3931518240521	-4.55554802435798
			6.3931518240521	-4.56409501877517
			6.3931518240521	-4.57264201319235
			6.3931518240521	-4.58118900760953
			6.38460482963492	-4.58973600202671
		</curveLM07>
		<curveLM08 type=matrix rownames=FALSE colnames=FALSE nrow=45 ncol=2 as.numeric=TRUE >
			6.38460482963492	-4.58973600202671
			6.37605783521774	-4.59828299644389
			6.36751084080056	-4.60682999086108
			6.35896384638338	-4.60682999086108
			6.35041685196619	-4.61537698527826
			6.34186985754901	-4.61537698527826
			6.33332286313183	-4.61537698527826
			6.32477586871465	-4.61537698527826
			6.31622887429747	-4.61537698527826
			6.30768187988028	-4.61537698527826
			6.2991348854631	-4.61537698527826
			6.29058789104592	-4.61537698527826
			6.28204089662874	-4.61537698527826
			6.27349390221156	-4.61537698527826
			6.26494690779437	-4.60682999086108
			6.25639991337719	-4.60682999086108
			6.24785291896001	-4.60682999086108
			6.23930592454283	-4.59828299644389
			6.23075893012565	-4.59828299644389
			6.22221193570847	-4.59828299644389
			6.21366494129128	-4.58973600202671
			6.2051179468741	-4.58973600202671
			6.19657095245692	-4.58118900760953
			6.18802395803974	-4.58118900760953
			6.18802395803974	-4.57264201319235
			6.17947696362256	-4.57264201319235
			6.17092996920537	-4.56409501877517
			6.16238297478819	-4.56409501877517
			6.15383598037101	-4.55554802435798
			6.14528898595383	-4.5470010299408
			6.13674199153665	-4.53845403552362
			6.12819499711946	-4.53845403552362
			6.11964800270228	-4.52990704110644
			6.1111010082851	-4.52990704110644
			6.10255401386792	-4.52136004668926
			6.09400701945074	-4.52136004668926
			6.08546002503355	-4.52136004668926
			6.07691303061637	-4.52136004668926
			6.06836603619919	-4.52136004668926
			6.05981904178201	-4.52136004668926
			6.05127204736483	-4.52136004668926
			6.04272505294764	-4.52136004668926
			6.03417805853046	-4.52136004668926
			6.02563106411328	-4.52136004668926
			6.0170840696961	-4.52136004668926
		</curveLM08>
		<curveLM09 type=matrix rownames=FALSE colnames=FALSE nrow=80 ncol=2 as.numeric=TRUE >
			6.0170840696961	-4.52136004668926
			6.00853707527892	-4.52990704110644
			5.99999008086173	-4.53845403552362
			5.99999008086173	-4.5470010299408
			5.99144308644455	-4.55554802435798
			5.98289609202737	-4.56409501877517
			5.98289609202737	-4.57264201319235
			5.97434909761019	-4.58118900760953
			5.97434909761019	-4.58973600202671
			5.97434909761019	-4.59828299644389
			5.96580210319301	-4.60682999086108
			5.96580210319301	-4.61537698527826
			5.96580210319301	-4.62392397969544
			5.95725510877582	-4.63247097411262
			5.95725510877582	-4.6410179685298
			5.95725510877582	-4.64956496294699
			5.95725510877582	-4.65811195736417
			5.94870811435864	-4.66665895178135
			5.94870811435864	-4.67520594619853
			5.94870811435864	-4.68375294061571
			5.94870811435864	-4.69229993503289
			5.94870811435864	-4.70084692945008
			5.94870811435864	-4.70939392386726
			5.94870811435864	-4.71794091828444
			5.94016111994146	-4.72648791270162
			5.94016111994146	-4.7350349071188
			5.94016111994146	-4.74358190153599
			5.94016111994146	-4.75212889595317
			5.94016111994146	-4.76067589037035
			5.94016111994146	-4.76922288478753
			5.94016111994146	-4.77776987920471
			5.94016111994146	-4.7863168736219
			5.94016111994146	-4.79486386803908
			5.94016111994146	-4.80341086245626
			5.93161412552428	-4.81195785687344
			5.93161412552428	-4.82050485129062
			5.93161412552428	-4.82905184570781
			5.93161412552428	-4.83759884012499
			5.93161412552428	-4.84614583454217
			5.93161412552428	-4.85469282895935
			5.93161412552428	-4.86323982337653
			5.93161412552428	-4.87178681779372
			5.93161412552428	-4.8803338122109
			5.93161412552428	-4.88888080662808
			5.93161412552428	-4.89742780104526
			5.93161412552428	-4.90597479546244
			5.93161412552428	-4.91452178987963
			5.9230671311071	-4.91452178987963
			5.9230671311071	-4.92306878429681
			5.9230671311071	-4.93161577871399
			5.91452013668991	-4.94016277313117
			5.91452013668991	-4.94870976754835
			5.90597314227273	-4.95725676196554
			5.90597314227273	-4.96580375638272
			5.89742614785555	-4.9743507507999
			5.89742614785555	-4.98289774521708
			5.88887915343837	-4.99144473963426
			5.88887915343837	-4.99999173405145
			5.88033215902119	-5.00853872846863
			5.88033215902119	-5.01708572288581
			5.87178516460401	-5.02563271730299
			5.87178516460401	-5.03417971172017
			5.86323817018682	-5.04272670613735
			5.86323817018682	-5.05127370055454
			5.85469117576964	-5.05982069497172
			5.85469117576964	-5.0683676893889
			5.84614418135246	-5.0683676893889
			5.84614418135246	-5.07691468380608
			5.83759718693528	-5.08546167822326
			5.83759718693528	-5.09400867264045
			5.8290501925181	-5.10255566705763
			5.82050319810091	-5.11110266147481
			5.81195620368373	-5.11964965589199
			5.80340920926655	-5.12819665030917
			5.80340920926655	-5.13674364472636
			5.79486221484937	-5.14529063914354
			5.78631522043219	-5.14529063914354
			5.78631522043219	-5.15383763356072
			5.777768226015	-5.15383763356072
			5.76922123159782	-5.15383763356072
		</curveLM09>
		<curveLM10 type=matrix rownames=FALSE colnames=FALSE nrow=81 ncol=2 as.numeric=TRUE >
			5.76922123159782	-5.15383763356072
			5.76067423718064	-5.15383763356072
			5.76067423718064	-5.14529063914354
			5.75212724276346	-5.14529063914354
			5.75212724276346	-5.13674364472636
			5.74358024834628	-5.13674364472636
			5.74358024834628	-5.12819665030917
			5.73503325392909	-5.11964965589199
			5.72648625951191	-5.11110266147481
			5.71793926509473	-5.10255566705763
			5.71793926509473	-5.09400867264045
			5.70939227067755	-5.08546167822326
			5.70084527626037	-5.07691468380608
			5.70084527626037	-5.0683676893889
			5.69229828184318	-5.05982069497172
			5.69229828184318	-5.05127370055454
			5.683751287426	-5.04272670613735
			5.683751287426	-5.03417971172017
			5.683751287426	-5.02563271730299
			5.67520429300882	-5.02563271730299
			5.67520429300882	-5.01708572288581
			5.67520429300882	-5.00853872846863
			5.66665729859164	-4.99999173405145
			5.66665729859164	-4.99144473963426
			5.65811030417446	-4.98289774521708
			5.65811030417446	-4.9743507507999
			5.65811030417446	-4.96580375638272
			5.64956330975727	-4.95725676196554
			5.64956330975727	-4.94870976754835
			5.64956330975727	-4.94016277313117
			5.64101631534009	-4.93161577871399
			5.64101631534009	-4.92306878429681
			5.64101631534009	-4.91452178987963
			5.64101631534009	-4.90597479546244
			5.63246932092291	-4.89742780104526
			5.63246932092291	-4.88888080662808
			5.62392232650573	-4.8803338122109
			5.62392232650573	-4.87178681779372
			5.62392232650573	-4.86323982337653
			5.62392232650573	-4.85469282895935
			5.62392232650573	-4.84614583454217
			5.61537533208855	-4.83759884012499
			5.61537533208855	-4.82905184570781
			5.61537533208855	-4.82050485129062
			5.61537533208855	-4.81195785687344
			5.60682833767136	-4.80341086245626
			5.60682833767136	-4.79486386803908
			5.60682833767136	-4.7863168736219
			5.60682833767136	-4.77776987920471
			5.60682833767136	-4.76922288478753
			5.59828134325418	-4.76067589037035
			5.59828134325418	-4.75212889595317
			5.59828134325418	-4.74358190153599
			5.59828134325418	-4.7350349071188
			5.59828134325418	-4.72648791270162
			5.589734348837	-4.71794091828444
			5.589734348837	-4.70939392386726
			5.589734348837	-4.70084692945008
			5.589734348837	-4.69229993503289
			5.589734348837	-4.68375294061571
			5.58118735441982	-4.67520594619853
			5.58118735441982	-4.66665895178135
			5.58118735441982	-4.65811195736417
			5.58118735441982	-4.64956496294699
			5.57264036000264	-4.6410179685298
			5.57264036000264	-4.63247097411262
			5.57264036000264	-4.62392397969544
			5.56409336558545	-4.61537698527826
			5.56409336558545	-4.60682999086108
			5.56409336558545	-4.59828299644389
			5.55554637116827	-4.58973600202671
			5.55554637116827	-4.58118900760953
			5.54699937675109	-4.57264201319235
			5.53845238233391	-4.56409501877517
			5.53845238233391	-4.55554802435798
			5.52990538791673	-4.55554802435798
			5.52990538791673	-4.5470010299408
			5.52135839349955	-4.5470010299408
			5.52135839349955	-4.53845403552362
			5.51281139908236	-4.52990704110644
			5.50426440466518	-4.52990704110644
		</curveLM10>
		<curveLM11 type=matrix rownames=FALSE colnames=FALSE nrow=38 ncol=2 as.numeric=TRUE >
			5.50426440466518	-4.52990704110644
			5.495717410248	-4.52990704110644
			5.48717041583082	-4.52136004668926
			5.47862342141364	-4.52136004668926
			5.47007642699645	-4.51281305227207
			5.46152943257927	-4.51281305227207
			5.45298243816209	-4.51281305227207
			5.44443544374491	-4.51281305227207
			5.43588844932773	-4.51281305227207
			5.42734145491054	-4.51281305227207
			5.41879446049336	-4.51281305227207
			5.41024746607618	-4.51281305227207
			5.401700471659	-4.52136004668926
			5.39315347724182	-4.52136004668926
			5.38460648282463	-4.52136004668926
			5.37605948840745	-4.52136004668926
			5.36751249399027	-4.52990704110644
			5.35896549957309	-4.52990704110644
			5.35041850515591	-4.52990704110644
			5.34187151073872	-4.53845403552362
			5.33332451632154	-4.53845403552362
			5.32477752190436	-4.5470010299408
			5.31623052748718	-4.5470010299408
			5.30768353307	-4.55554802435798
			5.29913653865281	-4.55554802435798
			5.29058954423563	-4.55554802435798
			5.28204254981845	-4.5470010299408
			5.27349555540127	-4.5470010299408
			5.26494856098409	-4.5470010299408
			5.2564015665669	-4.53845403552362
			5.24785457214972	-4.53845403552362
			5.23930757773254	-4.53845403552362
			5.23076058331536	-4.52990704110644
			5.22221358889818	-4.52990704110644
			5.21366659448099	-4.52136004668926
			5.20511960006381	-4.52136004668926
			5.19657260564663	-4.52136004668926
			5.18802561122945	-4.51281305227207
		</curveLM11>
		<curveLM12 type=matrix rownames=FALSE colnames=FALSE nrow=242 ncol=2 as.numeric=TRUE >
			5.18802561122945	-4.51281305227207
			5.17947861681227	-4.51281305227207
			5.17947861681227	-4.50426605785489
			5.17093162239508	-4.49571906343771
			5.17093162239508	-4.48717206902053
			5.17093162239508	-4.47862507460335
			5.17093162239508	-4.47007808018616
			5.17093162239508	-4.46153108576898
			5.17093162239508	-4.4529840913518
			5.17093162239508	-4.44443709693462
			5.17093162239508	-4.43589010251744
			5.17093162239508	-4.42734310810025
			5.17093162239508	-4.41879611368307
			5.17093162239508	-4.41024911926589
			5.17093162239508	-4.40170212484871
			5.17093162239508	-4.39315513043153
			5.17947861681227	-4.38460813601434
			5.17947861681227	-4.37606114159716
			5.17947861681227	-4.36751414717998
			5.17947861681227	-4.3589671527628
			5.17947861681227	-4.35042015834562
			5.18802561122945	-4.34187316392843
			5.18802561122945	-4.33332616951125
			5.18802561122945	-4.32477917509407
			5.18802561122945	-4.31623218067689
			5.18802561122945	-4.30768518625971
			5.19657260564663	-4.29913819184253
			5.19657260564663	-4.29059119742534
			5.19657260564663	-4.28204420300816
			5.20511960006381	-4.27349720859098
			5.20511960006381	-4.2649502141738
			5.20511960006381	-4.25640321975662
			5.20511960006381	-4.24785622533943
			5.21366659448099	-4.23930923092225
			5.21366659448099	-4.23076223650507
			5.21366659448099	-4.22221524208789
			5.21366659448099	-4.21366824767071
			5.22221358889818	-4.20512125325352
			5.22221358889818	-4.19657425883634
			5.22221358889818	-4.18802726441916
			5.22221358889818	-4.17948027000198
			5.23076058331536	-4.1709332755848
			5.23076058331536	-4.16238628116761
			5.23076058331536	-4.15383928675043
			5.23930757773254	-4.14529229233325
			5.23930757773254	-4.13674529791607
			5.23930757773254	-4.12819830349889
			5.24785457214972	-4.1196513090817
			5.24785457214972	-4.11110431466452
			5.24785457214972	-4.10255732024734
			5.24785457214972	-4.09401032583016
			5.2564015665669	-4.08546333141298
			5.2564015665669	-4.07691633699579
			5.2564015665669	-4.06836934257861
			5.26494856098409	-4.05982234816143
			5.26494856098409	-4.05127535374425
			5.27349555540127	-4.04272835932707
			5.27349555540127	-4.03418136490988
			5.27349555540127	-4.0256343704927
			5.28204254981845	-4.01708737607552
			5.28204254981845	-4.00854038165834
			5.28204254981845	-3.99999338724116
			5.28204254981845	-3.99144639282397
			5.29058954423563	-3.99144639282397
			5.29058954423563	-3.98289939840679
			5.29058954423563	-3.97435240398961
			5.29913653865281	-3.96580540957243
			5.29913653865281	-3.95725841515525
			5.29913653865281	-3.94871142073806
			5.30768353307	-3.94016442632088
			5.30768353307	-3.9316174319037
			5.30768353307	-3.92307043748652
			5.31623052748718	-3.91452344306934
			5.31623052748718	-3.90597644865215
			5.31623052748718	-3.89742945423497
			5.31623052748718	-3.88888245981779
			5.32477752190436	-3.88033546540061
			5.32477752190436	-3.87178847098343
			5.33332451632154	-3.86324147656625
			5.33332451632154	-3.85469448214906
			5.33332451632154	-3.84614748773188
			5.34187151073872	-3.8376004933147
			5.34187151073872	-3.82905349889752
			5.34187151073872	-3.82050650448034
			5.34187151073872	-3.81195951006315
			5.35041850515591	-3.80341251564597
			5.35041850515591	-3.79486552122879
			5.35041850515591	-3.78631852681161
			5.35896549957309	-3.77777153239443
			5.35896549957309	-3.76922453797724
			5.35896549957309	-3.76067754356006
			5.36751249399027	-3.75213054914288
			5.36751249399027	-3.7435835547257
			5.36751249399027	-3.73503656030852
			5.36751249399027	-3.72648956589133
			5.37605948840745	-3.71794257147415
			5.37605948840745	-3.70939557705697
			5.37605948840745	-3.70084858263979
			5.38460648282463	-3.69230158822261
			5.38460648282463	-3.68375459380542
			5.38460648282463	-3.67520759938824
			5.38460648282463	-3.66666060497106
			5.39315347724182	-3.65811361055388
			5.39315347724182	-3.6495666161367
			5.39315347724182	-3.64101962171951
			5.39315347724182	-3.63247262730233
			5.401700471659	-3.62392563288515
			5.401700471659	-3.61537863846797
			5.401700471659	-3.60683164405079
			5.41024746607618	-3.5982846496336
			5.41024746607618	-3.58973765521642
			5.41024746607618	-3.58119066079924
			5.41024746607618	-3.57264366638206
			5.41879446049336	-3.57264366638206
			5.41879446049336	-3.56409667196488
			5.41879446049336	-3.55554967754769
			5.41879446049336	-3.54700268313051
			5.42734145491054	-3.53845568871333
			5.42734145491054	-3.52990869429615
			5.42734145491054	-3.52136169987897
			5.43588844932773	-3.51281470546178
			5.43588844932773	-3.5042677110446
			5.43588844932773	-3.49572071662742
			5.43588844932773	-3.48717372221024
			5.44443544374491	-3.48717372221024
			5.44443544374491	-3.47862672779306
			5.44443544374491	-3.47007973337587
			5.44443544374491	-3.46153273895869
			5.45298243816209	-3.45298574454151
			5.45298243816209	-3.44443875012433
			5.45298243816209	-3.43589175570715
			5.45298243816209	-3.42734476128997
			5.46152943257927	-3.42734476128997
			5.46152943257927	-3.41879776687278
			5.46152943257927	-3.4102507724556
			5.46152943257927	-3.40170377803842
			5.47007642699645	-3.39315678362124
			5.47007642699645	-3.38460978920406
			5.47007642699645	-3.37606279478687
			5.47862342141364	-3.36751580036969
			5.47862342141364	-3.35896880595251
			5.47862342141364	-3.35042181153533
			5.48717041583082	-3.34187481711815
			5.48717041583082	-3.33332782270096
			5.48717041583082	-3.32478082828378
			5.48717041583082	-3.3162338338666
			5.495717410248	-3.30768683944942
			5.495717410248	-3.29913984503224
			5.495717410248	-3.29059285061505
			5.50426440466518	-3.28204585619787
			5.50426440466518	-3.27349886178069
			5.50426440466518	-3.26495186736351
			5.50426440466518	-3.25640487294633
			5.51281139908236	-3.24785787852914
			5.51281139908236	-3.23931088411196
			5.52135839349955	-3.23076388969478
			5.52135839349955	-3.2222168952776
			5.52135839349955	-3.21366990086042
			5.52135839349955	-3.20512290644323
			5.52990538791673	-3.19657591202605
			5.52990538791673	-3.18802891760887
			5.52990538791673	-3.17948192319169
			5.52990538791673	-3.17093492877451
			5.53845238233391	-3.16238793435732
			5.53845238233391	-3.15384093994014
			5.54699937675109	-3.14529394552296
			5.54699937675109	-3.13674695110578
			5.54699937675109	-3.1281999566886
			5.54699937675109	-3.11965296227141
			5.55554637116827	-3.11110596785423
			5.55554637116827	-3.10255897343705
			5.55554637116827	-3.09401197901987
			5.56409336558545	-3.09401197901987
			5.56409336558545	-3.08546498460269
			5.56409336558545	-3.07691799018551
			5.56409336558545	-3.06837099576832
			5.57264036000264	-3.05982400135114
			5.57264036000264	-3.05127700693396
			5.57264036000264	-3.04273001251678
			5.58118735441982	-3.0341830180996
			5.58118735441982	-3.02563602368241
			5.58118735441982	-3.01708902926523
			5.589734348837	-3.00854203484805
			5.589734348837	-2.99999504043087
			5.589734348837	-2.99144804601369
			5.589734348837	-2.9829010515965
			5.59828134325418	-2.97435405717932
			5.59828134325418	-2.96580706276214
			5.60682833767136	-2.95726006834496
			5.60682833767136	-2.94871307392778
			5.60682833767136	-2.94016607951059
			5.61537533208855	-2.93161908509341
			5.61537533208855	-2.92307209067623
			5.61537533208855	-2.91452509625905
			5.62392232650573	-2.90597810184187
			5.62392232650573	-2.89743110742468
			5.62392232650573	-2.8888841130075
			5.63246932092291	-2.88033711859032
			5.63246932092291	-2.87179012417314
			5.63246932092291	-2.86324312975596
			5.64101631534009	-2.85469613533877
			5.64101631534009	-2.84614914092159
			5.64101631534009	-2.83760214650441
			5.64101631534009	-2.82905515208723
			5.64956330975727	-2.82050815767005
			5.64956330975727	-2.81196116325286
			5.65811030417446	-2.80341416883568
			5.65811030417446	-2.7948671744185
			5.65811030417446	-2.78632018000132
			5.66665729859164	-2.77777318558414
			5.66665729859164	-2.76922619116695
			5.66665729859164	-2.76067919674977
			5.67520429300882	-2.75213220233259
			5.67520429300882	-2.74358520791541
			5.67520429300882	-2.73503821349823
			5.683751287426	-2.73503821349823
			5.683751287426	-2.72649121908104
			5.683751287426	-2.71794422466386
			5.69229828184318	-2.70939723024668
			5.69229828184318	-2.7008502358295
			5.69229828184318	-2.69230324141232
			5.70084527626037	-2.68375624699513
			5.70084527626037	-2.67520925257795
			5.70939227067755	-2.66666225816077
			5.70939227067755	-2.65811526374359
			5.70939227067755	-2.64956826932641
			5.71793926509473	-2.64956826932641
			5.71793926509473	-2.64102127490923
			5.71793926509473	-2.63247428049204
			5.72648625951191	-2.63247428049204
			5.72648625951191	-2.62392728607486
			5.72648625951191	-2.61538029165768
			5.73503325392909	-2.6068332972405
			5.73503325392909	-2.59828630282332
			5.74358024834628	-2.58973930840613
			5.74358024834628	-2.58119231398895
			5.75212724276346	-2.58119231398895
			5.75212724276346	-2.57264531957177
			5.76067423718064	-2.56409832515459
			5.76067423718064	-2.55555133073741
			5.76922123159782	-2.55555133073741
			5.777768226015	-2.55555133073741
		</curveLM12>
	</curves.scaled>
	<ruler.points type=matrix rownames=TRUE colnames=FALSE nrow=5 ncol=2 as.numeric=TRUE >
		Ruler point 1	210	814
		Ruler point 2	327	813
		Ruler point 3	444	814
		Ruler point 4	562	814
		Ruler point 5	678	813
	</ruler.points>
</shapes>

